(0, 0) A
(0, 0) s
(2, 1) T
(0, 0) 9
(2, 1) 8
(0, 0) 2
(0, 0) u
(0, 0) k
(0, 0) d
(0, 0) p
(0, 0) 1
(0, 0) m
(5, 1) P
(0, 0) U
(0, 0) 6
(0, 0) Y
(6, 1) g
(0, 0) 5
(0, 0)  
(0, 0) G
(17, 1) j
(0, 0) F
(0, 0) r
(0, 0) B
(0, 0) b
(0, 0) q
(16, 1) d
(28, 1) U
(18, 1) b
(10, 1) S
(0, 0) I
(0, 0) x
(5, 1) K
(0, 0) V
(19, 1) w
(0, 0) e
(0, 0) a
(0, 0) 0
(41, 1) T
(0, 0) E
(28, 1) E
(16, 1) 9
(0, 0) t
(2, 1) N
(47, 1) j
(0, 0) h
(36, 1) e
(16, 1) 2
(12, 1) f
(15, 1) f
(40, 1) H
(3, 1) u
(1, 1) I
(41, 1) v
(58, 1) 3
(33, 1) s
(0, 0) n
(55, 1) E
(0, 0) D
(0, 0) C
(64, 1) i
(49, 1) l
(59, 1) o
(72, 1) d
(64, 1) k
(34, 1) 8
(37, 1) 

(19, 1) j
(0, 0) W
(19, 1) h
(0, 0) 4
(2, 1) 0
(35, 1) t
(61, 1) v
(10, 1) p
(0, 0) 7
(0, 0) L
(46, 1) o
(61, 2) P
(13, 1) s
(9, 1) r
(104, 1) X
(14, 1) Y
(0, 0) y
(30, 1) b
(27, 1) 9
(5, 1) u
(39, 1) K
(55, 1) 6
(17, 2) g
(79, 1) R
(60, 1) 0
(13, 1) 8
(9, 1) k
(7, 1) x
(55, 1) M
(1, 1) y
(14, 1) Q
(0, 0) J
(95, 1) C
(56, 1) N
(34, 1) J
(0, 0) O
(78, 1) 5
(91, 1) Y
(62, 1) t
(9, 1) r
(64, 1) n
(14, 1) M
(48, 1) i
(19, 1) m
(82, 1) K
(0, 0) Z
(66, 1) Y
(39, 1) o
(29, 1) r
(9, 1) 8
(4, 1) j
(30, 1) w
(82, 1) r
(101, 1) K
(76, 1) w
(39, 1) 6
(28, 1) P
(66, 1) 0
(40, 1) V
(102, 1) t
(0, 1)  
(19, 1) 2
(106, 1) 5
(15, 1) 5
(49, 2) z
(32, 1) n
(46, 1) E
(77, 1) R
(52, 1) A
(9, 1) 4
(47, 1) 0
(122, 1) I
(8, 1) k
(114, 1) c
(124, 1) L
(17, 1) a
(58, 1) V
(50, 1)  
(6, 1) X
(11, 1) 2
(35, 1) K
(9, 1) W
(63, 1) C
(40, 1) Q
(68, 1) 9
(41, 1) v
(35, 1) 5
(84, 1) I
(41, 1) J
(42, 1) 8
(4, 1) k
(44, 1) z
(110, 1) k
(3, 1) 5
(85, 1) i
(10, 1) m
(64, 1) V
(35, 1) 5
(44, 1) u
(85, 1) F
(30, 1) x
(10, 1) 9
(64, 1) d
(101, 1) e
(62, 1) i
(69, 1) x
(1, 1) Y
(21, 1) M
(48, 1) 3
(44, 1)  
(27, 1) t
(12, 1) u
(76, 1) j
(75, 1) Z
(73, 1) E
(10, 1) m
(15, 1) s
(34, 1) W
(48, 1) G
(2, 1) x
(109, 1) z
(15, 1) u
(25, 1) L
(32, 1) Q
(116, 1) B
(0, 0) U
(8, 1) S
(63, 1) 4
(97, 1)  
(113, 1) w
(22, 1) 8
(109, 2) Y
(19, 1) N
(14, 1) X
(28, 1) F
(5, 1) J
(15, 1) z
(25, 1) 3
(98, 1)  
(10, 1) y
(76, 1) 2
(117, 1) v
(4, 1) H
(78, 1) m
(85, 1) 3
(85, 1) f
(62, 1) l
(32, 1) P
(61, 1) Y
(27, 1) y
(61, 1) O
(36, 1) D
(9, 1) H
(2, 1) 

(112, 1) Z
(11, 1) A
(45, 1) r
(60, 1) Q
(43, 1) D
(67, 1) 0
(59, 1) u
(52, 1) 7
(0, 2) A
(53, 1) O
(40, 1) 0
(31, 1) E
(28, 1) m
(114, 1) X
(12, 1) l
(56, 1) Z
(31, 1) i
(11, 1) 5
(59, 1) Q
(121, 1) j
(51, 1) x
(62, 1) q
(94, 1) G
(73, 1) P
(76, 1) d
(16, 1) g
(64, 1) t
(15, 1) E
(107, 2) 1
(28, 1) 5
(3, 1) 6
(6, 1) Q
(125, 1) P
(59, 1) E
(57, 1) D
(42, 1) Y
(59, 1) U
(54, 1) X
(25, 1) p
(85, 1) W
(30, 1) S
(27, 1) p
(80, 1) t
(62, 1) a
(3, 1) p
(63, 1) i
(34, 1) l
(96, 1) y
(23, 1) P
(101, 1) L
(81, 1) r
(2, 1) 6
(122, 1) e
(12, 1) O
(66, 1) d
(64, 2) w
(6, 1) r
(0, 0) T
(125, 2) R
(10, 1) y
(5, 1) y
(117, 1) c
(8, 1) C
(58, 1) v
(53, 1) m
(53, 1) c
(100, 1) T
(112, 1) c
(123, 1) N
(65, 1) l
(16, 1) o
(118, 2) Y
(80, 1) x
(81, 1) U
(72, 1) s
(2, 1) S
(64, 2) a
(47, 1) t
(4, 1) s
(34, 1) C
(28, 1) X
(0, 0) k
(13, 1) d
(34, 2) 5
(68, 1) 4
(30, 1) 5
(63, 1) C
(32, 1) i
(14, 1) M
(7, 1) q
(69, 1) C
(121, 1) L
(26, 1) p
(20, 1) D
(119, 1) 0
(107, 2) d
(44, 1) V
(26, 1) 

(34, 1) Y
(5, 1) T
(47, 1) h
(14, 1) g
(60, 1) V
(16, 1) I
(37, 1) 2
(67, 1) N
(80, 1) R
(96, 1) S
(15, 1) N
(34, 1) Y
(42, 1) u
(8, 1) Q
(39, 1) b
(9, 1) Q
(74, 1) y
(17, 1) c
(94, 1) O
(45, 1) i
(15, 1) F
(3, 1) 6
(71, 1) I
(102, 1) Q
(5, 1) g
(54, 1) G
(1, 1) v
(85, 1) g
(10, 1) i
(1, 1) X
(26, 1) 8
(22, 1) B
(50, 1) g
(7, 1) 4
(7, 1) E
(2, 1) 1
(25, 1) U
(44, 1) 8
(0, 0)  
(15, 1) N
(93, 1) i
(48, 1) 3
(42, 1) M
(53, 1) K
(81, 1) A
(37, 1) T
(82, 1) g
(22, 1) t
(26, 1) K
(4, 1) p
(12, 1) 

(2, 1) a
(27, 1) j
(86, 1) Q
(79, 1) 3
(21, 1) N
(4, 1) Z
(25, 1) R
(52, 1) A
(36, 1) a
(18, 1) F
(9, 1) G
(5, 1) 1
(87, 1) 8
(103, 1) D
(31, 1) 6
(39, 1) 7
(3, 1) P
(13, 1) h
(48, 1) p
(28, 1) w
(32, 1) p
(2, 1) Q
(72, 1) 9
(30, 1) 6
(53, 1) k
(8, 1) i
(116, 1) u
(30, 1) h
(20, 1) y
(50, 1) G
(114, 1) v
(31, 1) W
(1, 1) M
(101, 1) A
(25, 1) I
(20, 1) S
(105, 1) t
(6, 1) Z
(51, 1) O
(16, 1) 8
(24, 1) f
(3, 1) f
(62, 1) s
(22, 1) 1
(55, 1) o
(59, 2) e
(10, 1) i
(69, 1) C
(1, 1) r
(96, 1) 

(16, 1) g
(46, 1) Y
(21, 1) x
(113, 1) T
(8, 1) a
(123, 2) n
(58, 1) L
(0, 0) J
(22, 1) n
(48, 1) w
(119, 1) Q
(19, 1) j
(43, 1) 4
(52, 1) v
(52, 1) N
(64, 1) h
(21, 1) w
(25, 1) N
(6, 1) 8
(76, 1) e
(47, 1) z
(98, 1) D
(1, 1)  
(106, 1) 8
(46, 1) H
(33, 1) Y
(75, 1) b
(58, 1) b
(109, 1) Y
(71, 1) N
(74, 1) e
(2, 1) s
(20, 1) 1
(45, 1) 5
(11, 1) n
(118, 1) j
(15, 2) Q
(107, 1) 0
(108, 1) W
(12, 1) M
(66, 1) 5
(51, 1) T
(7, 1) V
(99, 1) 8
(53, 1) E
(75, 1) a
(96, 1) S
(2, 1) c
(27, 1) H
(59, 1) 

(45, 1) h
(39, 1) U
(6, 1) q
(52, 1) E
(27, 1) r
(0, 0) d
(20, 1) X
(51, 1) b
(77, 2) A
(18, 1) U
(10, 1)  
(49, 1) 3
(100, 1) 1
(86, 1) v
(103, 1) 4
(98, 1) b
(31, 2) n
(42, 1) G
(61, 1) 1
(4, 2) r
(89, 1) w
(73, 1) U
(27, 1) p
(49, 2) 8
(36, 1) m
(112, 1) j
(14, 1) 7
(26, 1) k
(14, 1) L
(65, 1) z
(17, 1) R
(2, 1) K
(82, 1) r
(61, 1) h
(55, 1) S
(98, 1) K
(8, 1)  
(18, 1) 3
(96, 1) o
(10, 1) k
(86, 1) o
(34, 1) E
(13, 1) F
(47, 1) Z
(18, 1) f
(53, 1) 6
(68, 1) F
(3, 1) P
(62, 1) 

